0 25 -590
0 10 -370
0 1 0
3
0 0 0 1 1 1 1 0 0
60 160 -200 1 1 1 1 0 0
-80 160 200 1 1 1 1 0 0
2
solid 1 1 1
solid 0.8 0.3 0.7
3
0.8 0 0 1 0 0
0.3 0.4 0 1 0.3 0 0
0.11 0.21 0.3 30 0.7 0 0
11
0 0 sphere 0 0 0 600
1 2 sphere 0 32.7 0 25
1 2 sphere -5.98 0 -22.31 25
1 2 sphere -16.32 0 16.32 25
1 2 sphere 22.31 0 5.98 25
1 2 sphere 5.98 -32.66 22.31 25
1 2 sphere 16.32 -32.66 -16.32 25
1 2 sphere -22.31 -32.66 -5.98 25
1 2 sphere -11.95 -32.66 -44.61 25
1 2 sphere -32.66 -32.66 32.66 25
1 2 sphere 44.61 -32.66 11.95 25
